0.4
ans =

           1       24560


prec =

    0.2533


recall =

    0.2126



0.5
ans =

           1       24560


prec =

    0.2387


recall =

    0.1971