-----------1st FRAMES-----------
ans =

     1   100

0.3
prec =

    0.3016


recall =

    0.2800




-----------ALL FRAMES-----------
0.3
ans =

           1       24560


prec =

    0.2549


recall =

    0.2067


0.4
ans =

           1       24560


prec =

    0.2533


recall =

    0.2126



0.5
ans =

           1       24560


prec =

    0.2387


recall =

    0.1971