0.4
ans =

           1       29077


prec =

    0.2331


recall =

    0.1966



0.5
ans =

           1       29077


prec =

    0.2308


recall =

    0.1933